     [38;2;145;255;185m/           [38;2;145;255;185m\[0m
    [38;2;130;251;190m/             [38;2;130;251;190m\[0m
   [38;2;116;246;194m/      [38;2;116;246;194m/[38;2;116;246;194m\       [38;2;116;246;194m\        [38;2;234;255;249m█[38;2;234;255;249m█                                 [38;2;81;255;173m█[38;2;76;252;176m█[38;2;71;250;180m█[38;2;67;247;183m█[0m
    [38;2;102;242;199m\    [38;2;102;242;199m/  [38;2;102;242;199m\      [38;2;102;242;199m/       [38;2;227;255;246m█[38;2;227;255;246m█ [38;2;227;255;246m█[38;2;227;255;246m█                               [38;2;81;255;173m█[38;2;76;252;176m█ [38;2;67;247;183m█[38;2;62;244;187m█[0m
   [38;2;87;238;204m\  [38;2;87;238;204m\  [38;2;87;238;204m/ [38;2;87;238;204m/[38;2;87;238;204m\ [38;2;87;238;204m\  [38;2;87;238;204m/  [38;2;87;238;204m/     [38;2;220;255;243m█[38;2;220;255;243m█  [38;2;220;255;243m█[38;2;220;255;243m█ [38;2;220;255;243m█[38;2;220;255;243m█ [38;2;220;255;243m█[38;2;220;255;243m█  [38;2;220;255;243m█[38;2;220;255;243m█[38;2;220;255;243m█  [38;2;220;255;243m█[38;2;220;255;243m█[38;2;220;255;243m█[38;2;220;255;243m█   [38;2;220;255;243m█[38;2;220;255;243m█[38;2;220;255;243m█   [38;2;220;255;243m█[38;2;220;255;243m█[38;2;220;255;243m█  [38;2;81;255;173m█[38;2;76;252;176m█  [38;2;62;244;187m█[38;2;57;241;190m█  [38;2;43;233;201m█[38;2;38;231;204m█[38;2;33;228;208m█  [38;2;19;220;218m█   [38;2;0;209;232m█[0m
    [38;2;72;234;208m\[38;2;72;234;208m_[38;2;72;234;208m_[38;2;72;234;208m\[38;2;72;234;208m/ [38;2;72;234;208m/[38;2;72;234;208m_[38;2;72;234;208m_[38;2;72;234;208m\ [38;2;72;234;208m\[38;2;72;234;208m/[38;2;72;234;208m_[38;2;72;234;208m_[38;2;72;234;208m/      [38;2;213;255;240m█[38;2;213;255;240m█  [38;2;213;255;240m█[38;2;213;255;240m█ [38;2;213;255;240m█[38;2;213;255;240m█[38;2;213;255;240m█       [38;2;213;255;240m█ [38;2;213;255;240m█   [38;2;213;255;240m█ [38;2;213;255;240m█   [38;2;213;255;240m█     [38;2;213;255;240m█ [38;2;81;255;173m█[38;2;76;252;176m█  [38;2;62;244;187m█[38;2;57;241;190m█ [38;2;48;236;197m█   [38;2;29;225;211m█ [38;2;19;220;218m█   [38;2;0;209;232m█[0m
   [38;2;58;229;213m_[38;2;58;229;213m_[38;2;58;229;213m_[38;2;58;229;213m_[38;2;58;229;213m/ [38;2;58;229;213m/[38;2;58;229;213m_[38;2;58;229;213m_[38;2;58;229;213m_[38;2;58;229;213m_[38;2;58;229;213m\ [38;2;58;229;213m\[38;2;58;229;213m_[38;2;58;229;213m_[38;2;58;229;213m_[38;2;58;229;213m_     [38;2;206;255;237m█[38;2;206;255;237m█[38;2;206;255;237m█[38;2;206;255;237m█[38;2;206;255;237m█[38;2;206;255;237m█ [38;2;206;255;237m█[38;2;206;255;237m█     [38;2;206;255;237m█[38;2;206;255;237m█[38;2;206;255;237m█[38;2;206;255;237m█ [38;2;206;255;237m█   [38;2;206;255;237m█ [38;2;206;255;237m█[38;2;206;255;237m█[38;2;206;255;237m█[38;2;206;255;237m█[38;2;206;255;237m█  [38;2;206;255;237m█[38;2;206;255;237m█[38;2;206;255;237m█[38;2;206;255;237m█ [38;2;81;255;173m█[38;2;76;252;176m█  [38;2;62;244;187m█[38;2;57;241;190m█ [38;2;48;236;197m█[38;2;43;233;201m█[38;2;38;231;204m█[38;2;33;228;208m█[38;2;29;225;211m█ [38;2;19;220;218m█   [38;2;0;209;232m█[0m
   [38;2;44;225;218m/   [38;2;44;225;218m/[38;2;44;225;218m\      [38;2;44;225;218m/[38;2;44;225;218m\   [38;2;44;225;218m\     [38;2;199;255;234m█[38;2;199;255;234m█  [38;2;199;255;234m█[38;2;199;255;234m█ [38;2;199;255;234m█[38;2;199;255;234m█    [38;2;199;255;234m█   [38;2;199;255;234m█ [38;2;199;255;234m█   [38;2;199;255;234m█ [38;2;199;255;234m█     [38;2;199;255;234m█   [38;2;199;255;234m█ [38;2;81;255;173m█[38;2;76;252;176m█ [38;2;67;247;183m█[38;2;62;244;187m█  [38;2;48;236;197m█      [38;2;14;217;222m█ [38;2;5;212;229m█[0m
  [38;2;29;221;223m/   [38;2;29;221;223m/  [38;2;29;221;223m\    [38;2;29;221;223m/  [38;2;29;221;223m\   [38;2;29;221;223m\    [38;2;192;255;231m█[38;2;192;255;231m█  [38;2;192;255;231m█[38;2;192;255;231m█ [38;2;192;255;231m█[38;2;192;255;231m█     [38;2;192;255;231m█[38;2;192;255;231m█[38;2;192;255;231m█[38;2;192;255;231m█ [38;2;192;255;231m█   [38;2;192;255;231m█  [38;2;192;255;231m█[38;2;192;255;231m█[38;2;192;255;231m█[38;2;192;255;231m█  [38;2;192;255;231m█[38;2;192;255;231m█[38;2;192;255;231m█[38;2;192;255;231m█ [38;2;81;255;173m█[38;2;76;252;176m█[38;2;71;250;180m█[38;2;67;247;183m█    [38;2;43;233;201m█[38;2;38;231;204m█[38;2;33;228;208m█[38;2;29;225;211m█   [38;2;10;214;225m█[0m
     [38;2;14;216;227m/    [38;2;14;216;227m\  [38;2;14;216;227m/    [38;2;14;216;227m\[0m
    [38;2;0;212;232m/      [38;2;0;212;232m\[38;2;0;212;232m/      [38;2;0;212;232m\[0m
